Anzahl:  1040384 Simulationen
Liga:    0.315549835445374
Liga x5: 0.5199349470964567
K.O.:    0.1668595441683071
K.O. x5: 0.2781040461983268
