Anzahl:  1081344 Simulationen
Liga:    0.21022079930160986
Liga x5: 0.22548698656486743
K.O.:    0.3008607806581439
K.O. x5: 0.35810713334517047
