Anzahl:  1048576 Simulationen
Liga:    0.11449146270751953
Liga x5: 0.1309356689453125
K.O.:    0.06861400604248047
K.O. x5: 0.07543182373046875
