Anzahl:  1081344 Simulationen
Liga:    0.34624319365530304
Liga x5: 0.5288455847537878
K.O.:    0.4044143214370265
K.O. x5: 0.6009928385416666
